CallRail_APIV3Key <-c(
  "ID" =  0123456789,
  "Secret" = "putYourSecretHere123456789"
) 
